image: LBH_floor_1.ppm
resolution: 0.050000
origin: [-42.35,-55.05,0.000000]
occupied_thresh: 0.65
free_thresh: 0.196
negate: 0
