image: prakt_01.png
resolution: 0.050000
origin: [-50.00, -50.00, 0.000000]
occupied_thresh: 0.65
free_thresh: 0.196
negate: 0
